iterations, total search time, simulation time
685, 10.01, 8.59
662, 10.0, 8.61
631, 10.05, 8.38
548, 10.01, 8.59
548, 10.01, 8.64
617, 10.01, 8.18
596, 10.01, 8.12
617, 10.03, 7.91
636, 10.01, 7.84
666, 10.02, 7.55
668, 10.01, 7.18
659, 10.01, 7.04
635, 10.0, 6.88
698, 10.0, 7.02
716, 10.02, 6.93
709, 10.02, 6.29
761, 10.01, 6.29
780, 10.0, 6.13
790, 10.0, 6.3
787, 10.0, 6.35
844, 10.0, 5.65
868, 10.09, 5.32
969, 10.19, 5.16
1185, 10.0, 4.71
1235, 10.0, 4.95
1282, 10.0, 3.98
1350, 10.12, 3.75
1419, 10.01, 3.4
1505, 10.0, 3.21
1516, 10.01, 4.06
1571, 10.0, 2.54
1717, 10.0, 1.89
1765, 10.0, 2.45
1874, 10.0, 0.84
1967, 10.0, 0.19
729, 10.01, 8.35
692, 10.8, 7.85
713, 10.02, 7.95
720, 10.0, 7.94
729, 10.0, 7.71
729, 10.01, 7.45
753, 10.0, 7.37
764, 10.13, 7.12
764, 10.01, 7.34
760, 10.01, 6.85
801, 10.01, 6.98
703, 10.01, 6.83
660, 10.01, 7.39
614, 10.01, 7.15
688, 10.13, 7.02
784, 10.01, 7.05
731, 10.16, 6.49
720, 10.0, 6.45
771, 10.01, 6.3
828, 10.01, 6.41
868, 10.1, 6.35
926, 10.01, 6.51
950, 10.01, 5.51
1024, 10.0, 5.65
1134, 10.0, 5.13
1552, 10.0, 4.93
1480, 10.0, 4.02
1519, 10.2, 3.66
1802, 10.0, 3.76
1783, 10.0, 2.89
2024, 10.0, 2.83
2309, 10.22, 2.27
2189, 10.0, 1.17
2172, 10.0, 0.41
2285, 10.0, 0.09
1197, 20.01, 14.22
1173, 20.01, 13.74
1194, 20.01, 13.48
1224, 20.01, 13.4
1225, 20.01, 13.35
1264, 20.01, 13.05
1311, 20.01, 12.85
1328, 20.01, 13.69
1354, 20.01, 12.48
1397, 20.0, 12.38
1428, 20.01, 11.95
1475, 20.0, 12.2
1502, 20.0, 11.74
1515, 20.14, 11.29
1565, 20.0, 11.48
1628, 20.02, 11.42
1670, 20.0, 10.63
1696, 20.24, 11.5
1773, 20.11, 10.03
1826, 20.0, 10.01
1848, 20.01, 10.05
1936, 20.01, 9.03
1962, 20.01, 9.77
2006, 20.01, 8.48
2158, 20.01, 7.87
2149, 20.01, 7.22
2313, 20.0, 7.12
2402, 20.53, 6.36
2681, 20.0, 5.95
2644, 20.0, 6.95
3213, 20.0, 4.6
3033, 20.49, 3.72
3631, 20.0, 2.77
3938, 20.0, 1.48
3801, 20.0, 0.28
1130, 20.01, 13.55
1309, 20.01, 14.9
1403, 20.01, 15.74
1384, 20.01, 14.79
1451, 20.01, 15.03
1424, 20.01, 15.01
1505, 20.0, 14.44
1518, 20.24, 14.25
1557, 20.01, 14.52
1570, 20.01, 13.45
1636, 20.01, 13.8
1624, 20.0, 12.66
1790, 20.0, 14.04
1742, 20.0, 12.75
1749, 20.01, 12.2
1801, 20.0, 12.01
1853, 20.0, 12.14
1952, 20.0, 11.42
2130, 20.0, 11.78
2173, 20.01, 11.31
2249, 20.01, 10.61
2326, 20.0, 10.73
2511, 20.0, 10.33
2601, 20.0, 10.1
2722, 20.0, 10.35
2764, 20.01, 8.21
2875, 20.01, 8.06
3275, 20.0, 7.6
3206, 20.0, 7.01
3048, 20.01, 5.42
3375, 20.01, 4.65
3797, 20.0, 3.34
3746, 20.0, 2.01
4234, 20.0, 1.41
4493, 20.0, 0.17
1679, 30.0, 20.55
1650, 30.01, 20.71
1701, 30.0, 19.96
1729, 30.0, 18.99
1728, 30.01, 18.97
1800, 30.01, 19.34
1841, 30.01, 19.15
1914, 30.0, 18.34
1928, 30.02, 17.8
2015, 30.41, 18.35
2062, 30.26, 17.62
2127, 30.07, 17.62
2204, 30.0, 17.37
2266, 30.01, 16.94
2312, 30.65, 16.54
2355, 30.01, 15.93
2432, 30.0, 16.31
2535, 30.0, 15.23
2580, 30.01, 14.88
2642, 30.26, 14.82
2728, 30.0, 13.67
2821, 30.0, 13.34
2882, 30.0, 12.42
2912, 30.0, 12.08
3122, 30.01, 11.69
3147, 30.01, 13.22
3275, 30.01, 9.72
3551, 30.0, 8.98
3563, 30.0, 10.96
3913, 30.71, 7.33
4122, 30.01, 9.57
4343, 30.0, 5.22
4807, 30.61, 4.56
5149, 30.0, 2.63
5437, 30.0, 0.3
1802, 31.42, 21.8
1849, 30.01, 22.72
1923, 30.0, 21.22
1924, 30.01, 20.76
2096, 30.0, 23.28
2017, 30.01, 20.61
2197, 30.0, 21.93
2248, 30.01, 21.25
2299, 30.0, 20.92
2333, 30.01, 20.52
2365, 30.01, 20.85
2406, 30.14, 19.9
2717, 30.01, 20.49
1621, 30.0, 19.98
1714, 30.01, 19.1
2220, 30.0, 19.0
1788, 30.01, 18.7
2200, 30.02, 18.03
2769, 30.0, 18.98
2279, 30.0, 16.7
2392, 30.0, 16.47
2636, 30.01, 16.89
2764, 30.0, 15.44
2686, 30.02, 15.28
2173, 30.0, 13.92
2808, 30.0, 13.64
2921, 30.0, 11.98
4380, 30.01, 12.25
4541, 30.0, 9.25
4961, 30.0, 8.76
5002, 30.16, 7.8
5336, 30.0, 5.45
5883, 30.75, 4.5
4091, 30.52, 0.98
4254, 30.0, 0.34
1618, 40.01, 27.46
1435, 40.36, 26.97
1548, 40.01, 27.06
1619, 40.02, 27.67
1637, 40.01, 27.26
1553, 40.02, 27.64
1469, 40.02, 25.8
1732, 40.0, 25.26
2297, 40.0, 24.34
2100, 40.01, 24.1
2141, 40.01, 23.3
2339, 40.0, 24.37
2502, 40.01, 24.03
2596, 40.01, 22.18
2566, 40.01, 21.18
2610, 40.01, 21.32
2841, 40.01, 21.36
2837, 40.0, 20.6
3005, 40.0, 19.85
3227, 40.01, 18.99
3474, 40.01, 18.47
3656, 40.01, 17.8
3639, 40.01, 16.8
4104, 40.0, 18.23
3890, 40.0, 15.92
3809, 40.01, 14.15
4106, 40.0, 14.13
4008, 40.01, 13.2
4428, 40.0, 11.23
4641, 40.01, 10.73
4518, 40.0, 8.13
4727, 40.0, 6.45
5583, 40.0, 4.77
6165, 40.53, 2.79
6083, 40.01, 0.43
2106, 42.73, 28.8
2200, 40.02, 29.0
2309, 40.01, 30.55
2230, 40.0, 28.68
2369, 40.01, 30.2
2322, 40.01, 28.68
2517, 40.01, 29.38
2503, 40.01, 27.64
2685, 40.0, 26.97
2829, 40.01, 27.6
2927, 40.01, 27.36
2882, 40.01, 26.54
2335, 40.01, 25.9
2874, 40.01, 26.69
2941, 40.01, 25.98
2968, 40.0, 24.12
2968, 40.01, 23.82
3151, 40.5, 23.25
3093, 40.02, 25.97
3127, 40.01, 25.83
3246, 40.01, 22.17
3050, 40.0, 21.06
4099, 40.01, 19.97
4300, 40.0, 19.23
4238, 40.0, 17.75
4278, 40.0, 16.53
4291, 40.01, 15.95
6054, 40.0, 15.32
5085, 40.01, 12.49
6343, 40.0, 10.97
6764, 40.01, 9.97
6678, 40.01, 6.94
5743, 40.0, 4.18
7531, 40.01, 2.26
7120, 40.33, 0.34
2782, 60.24, 38.6
2834, 60.02, 37.3
2966, 60.01, 37.1
2957, 60.01, 36.78
3052, 60.01, 36.06
2869, 60.01, 39.14
2856, 60.0, 38.6
2704, 60.01, 36.75
2611, 60.02, 37.64
2762, 60.02, 38.44
3083, 60.0, 36.7
3140, 60.02, 35.34
3061, 60.0, 35.6
3248, 60.02, 35.14
3205, 60.01, 34.55
3371, 60.02, 37.62
3484, 60.01, 36.98
3438, 60.01, 35.82
3477, 60.01, 32.22
3182, 60.03, 32.32
3699, 60.0, 31.69
3826, 60.0, 30.72
3910, 60.01, 29.18
3955, 60.0, 28.73
4105, 60.0, 27.93
4357, 60.58, 26.98
4531, 60.01, 26.25
4944, 60.01, 26.17
4884, 60.0, 24.0
4830, 60.04, 26.02
5248, 60.0, 22.27
5483, 60.0, 21.6
5782, 60.0, 19.83
5034, 60.01, 19.03
6440, 60.0, 15.31
6618, 60.0, 15.87
8486, 60.0, 13.28
9445, 60.0, 10.12
9085, 60.0, 5.54
9029, 60.0, 0.87
2839, 67.01, 44.22
3238, 60.01, 44.54
3388, 60.01, 41.0
3502, 60.01, 42.37
3523, 60.01, 41.23
2931, 60.01, 40.7
2694, 60.01, 42.14
2951, 60.65, 40.87
3821, 60.0, 40.47
4051, 60.0, 40.59
4247, 60.01, 38.79
4284, 60.0, 37.41
4580, 60.0, 38.8
4565, 60.0, 39.26
4888, 60.39, 36.93
4931, 60.0, 35.06
5023, 60.0, 33.91
5194, 60.0, 32.34
5385, 60.0, 35.81
5640, 60.0, 31.43
5962, 60.01, 30.9
6277, 60.0, 29.86
6536, 60.0, 28.27
6830, 60.01, 26.77
6989, 60.0, 26.8
7147, 61.5, 22.87
7642, 60.0, 21.27
7970, 60.0, 18.96
8701, 60.01, 22.47
8892, 60.0, 17.19
9631, 60.0, 15.02
10106, 60.0, 14.59
11332, 60.0, 11.51
11549, 60.0, 3.94
12651, 60.0, 0.51
4369, 90.02, 55.27
3951, 90.02, 53.83
3968, 90.01, 54.08
3207, 90.01, 55.13
4123, 90.01, 53.04
5154, 90.01, 54.79
5223, 90.0, 58.48
4122, 90.01, 51.27
4876, 91.26, 52.84
4875, 90.01, 49.35
4928, 90.0, 48.0
5171, 90.01, 46.88
4219, 90.0, 45.9
5402, 90.0, 46.08
5146, 90.01, 44.28
5684, 90.01, 48.66
6021, 90.01, 42.9
6263, 90.0, 43.82
6542, 90.0, 42.24
6707, 90.06, 35.36
5014, 90.01, 34.92
7830, 90.01, 41.28
6748, 90.01, 34.37
7417, 90.01, 34.76
7144, 90.01, 38.86
8531, 90.01, 32.0
8528, 90.01, 27.93
8666, 90.01, 27.73
8700, 90.0, 22.49
7545, 90.01, 20.3
10980, 90.0, 20.32
11494, 90.0, 13.65
11286, 90.0, 10.44
12621, 90.31, 5.72
11560, 90.0, 0.89
3215, 90.01, 60.02
3878, 90.01, 64.94
4157, 90.01, 61.65
4211, 90.54, 61.49
4448, 90.02, 62.92
4535, 90.01, 62.17
4057, 90.01, 59.99
4057, 90.02, 59.21
4331, 90.01, 63.46
4765, 90.01, 61.49
4487, 90.01, 57.75
4929, 90.0, 56.74
4761, 90.01, 57.64
5150, 90.21, 55.05
5644, 90.01, 55.06
5690, 90.02, 55.93
5894, 90.01, 51.05
5415, 90.01, 49.76
6005, 90.01, 52.8
5513, 90.9, 53.22
7245, 90.0, 45.72
7804, 90.01, 47.34
8785, 90.0, 39.05
9219, 90.01, 37.76
9813, 90.01, 37.2
10514, 90.0, 36.06
10965, 90.0, 33.78
14035, 90.0, 35.31
13665, 90.0, 29.65
14264, 90.01, 30.96
15148, 90.0, 20.46
14133, 90.0, 16.67
15136, 90.01, 9.75
29068, 90.0, 9.66
31526, 91.77, 1.48